NODE_3_length_1579_cov_1.424931:868 NODE_3_length_1579_cov_1.424931_pilon:868-880 . AACACCCCAAGTC
NODE_4_length_1061_cov_0.912206:724 NODE_4_length_1061_cov_0.912206_pilon:724 G C
NODE_4_length_1061_cov_0.912206:734 NODE_4_length_1061_cov_0.912206_pilon:734 G C
NODE_4_length_1061_cov_0.912206:736 NODE_4_length_1061_cov_0.912206_pilon:736 A G
